# object bigbadman
m Media/Models/bigbadman.fbx
t Media/Textures/CommandoArmor_DM.dds
t Media/Textures/Commando_DM.dds
n Media/Textures/CommandoArmor_NM.dds
n Media/Textures/Commando_NM.dds
i 280.0 -127.0 -509.0 125.0 125.0 125.0 0.0 0.0 0.0
a 0.2 0.2 0.2 1.0 0.3 0.3 0.3 1.0 0.9 0.9 0.9 100.0 0.0 0.0 0.0 0.0
a 0.2 0.2 0.2 1.0 0.3 0.3 0.3 1.0 0.9 0.9 0.9 100.0 0.0 0.0 0.0 0.0
i 12.0 0.0 11.0 4.0 4.0 4.0 0.0 0.0 0.0
a 0.2 0.2 0.2 1.0 0.3 0.3 0.3 1.0 0.9 0.9 0.9 100.0 0.0 0.0 0.0 0.0
a 0.2 0.2 0.2 1.0 0.3 0.3 0.3 1.0 0.9 0.9 0.9 100.0 0.0 0.0 0.0 0.0
i 0.0 0.0 -150.0 124.0 124.0 124.0 0.0 0.0 0.0
a 0.2 0.2 0.2 1.0 0.3 0.3 0.3 1.0 0.9 0.9 0.9 100.0 0.0 0.0 0.0 0.0
a 0.2 0.2 0.2 1.0 0.3 0.3 0.3 1.0 0.9 0.9 0.9 100.0 0.0 0.0 0.0 0.0