# object deadman
m Media/Models/deadman.fbx
t Media/Textures/newdarkdirt.dds
t Media/Textures/newdarkdirt.dds
t Media/Textures/newdarkdirt.dds
t Media/Textures/newdarkdirt.dds
t Media/Textures/newdarkdirt.dds
t Media/Textures/newdarkdirt.dds
n Media/Textures/BlankNormalMap.png
n Media/Textures/BlankNormalMap.png
n Media/Textures/BlankNormalMap.png
n Media/Textures/BlankNormalMap.png
n Media/Textures/BlankNormalMap.png
n Media/Textures/BlankNormalMap.png

i 48.8 -1.2 -50.0 1.0 1.0 1.0 0.0 -1.05 0.0
a 0.2 0.2 0.2 1.0 0.3 0.3 0.3 1.0 0.9 0.9 0.9 50.0 0.0 0.0 0.0 0.0 0
a 0.2 0.2 0.2 1.0 0.3 0.3 0.3 1.0 0.9 0.9 0.9 50.0 0.0 0.0 0.0 0.0 0
a 0.2 0.2 0.2 1.0 0.3 0.3 0.3 1.0 0.9 0.9 0.9 50.0 0.0 0.0 0.0 0.0 0
a 0.2 0.2 0.2 1.0 0.3 0.3 0.3 1.0 0.9 0.9 0.9 50.0 0.0 0.0 0.0 0.0 0
a 0.2 0.2 0.2 1.0 0.3 0.3 0.3 1.0 0.9 0.9 0.9 50.0 0.0 0.0 0.0 0.0 0
a 0.2 0.2 0.2 1.0 0.3 0.3 0.3 1.0 0.9 0.9 0.9 50.0 0.0 0.0 0.0 0.0 0
i 42.0 -9.0 109.0 1.0 1.0 1.0 0.0 -1.05 0.0
a 0.2 0.2 0.2 1.0 0.3 0.3 0.3 1.0 0.9 0.9 0.9 50.0 0.0 0.0 0.0 0.0 0
a 0.2 0.2 0.2 1.0 0.3 0.3 0.3 1.0 0.9 0.9 0.9 50.0 0.0 0.0 0.0 0.0 0
a 0.2 0.2 0.2 1.0 0.3 0.3 0.3 1.0 0.9 0.9 0.9 50.0 0.0 0.0 0.0 0.0 0
a 0.2 0.2 0.2 1.0 0.3 0.3 0.3 1.0 0.9 0.9 0.9 50.0 0.0 0.0 0.0 0.0 0
a 0.2 0.2 0.2 1.0 0.3 0.3 0.3 1.0 0.9 0.9 0.9 50.0 0.0 0.0 0.0 0.0 0
a 0.2 0.2 0.2 1.0 0.3 0.3 0.3 1.0 0.9 0.9 0.9 50.0 0.0 0.0 0.0 0.0 0
i -80.0 -10.0 90.0 1.0 1.0 1.0 0.0 -1.05 0.0
a 0.2 0.2 0.2 1.0 0.3 0.3 0.3 1.0 0.9 0.9 0.9 50.0 0.0 0.0 0.0 0.0 0
a 0.2 0.2 0.2 1.0 0.3 0.3 0.3 1.0 0.9 0.9 0.9 50.0 0.0 0.0 0.0 0.0 0
a 0.2 0.2 0.2 1.0 0.3 0.3 0.3 1.0 0.9 0.9 0.9 50.0 0.0 0.0 0.0 0.0 0
a 0.2 0.2 0.2 1.0 0.3 0.3 0.3 1.0 0.9 0.9 0.9 50.0 0.0 0.0 0.0 0.0 0
a 0.2 0.2 0.2 1.0 0.3 0.3 0.3 1.0 0.9 0.9 0.9 50.0 0.0 0.0 0.0 0.0 0
a 0.2 0.2 0.2 1.0 0.3 0.3 0.3 1.0 0.9 0.9 0.9 50.0 0.0 0.0 0.0 0.0 0
i -47.0 -9.0 112.0 1.0 1.0 1.0 0.0 -1.05 0.0
a 0.2 0.2 0.2 1.0 0.3 0.3 0.3 1.0 0.9 0.9 0.9 50.0 0.0 0.0 0.0 0.0 0
a 0.2 0.2 0.2 1.0 0.3 0.3 0.3 1.0 0.9 0.9 0.9 50.0 0.0 0.0 0.0 0.0 0
a 0.2 0.2 0.2 1.0 0.3 0.3 0.3 1.0 0.9 0.9 0.9 50.0 0.0 0.0 0.0 0.0 0
a 0.2 0.2 0.2 1.0 0.3 0.3 0.3 1.0 0.9 0.9 0.9 50.0 0.0 0.0 0.0 0.0 0
a 0.2 0.2 0.2 1.0 0.3 0.3 0.3 1.0 0.9 0.9 0.9 50.0 0.0 0.0 0.0 0.0 0
a 0.2 0.2 0.2 1.0 0.3 0.3 0.3 1.0 0.9 0.9 0.9 50.0 0.0 0.0 0.0 0.0 0
i 29.0 -9.0 80.0 1.0 1.0 1.0 0.0 -1.05 0.0
a 0.2 0.2 0.2 1.0 0.3 0.3 0.3 1.0 0.9 0.9 0.9 50.0 0.0 0.0 0.0 0.0 0
a 0.2 0.2 0.2 1.0 0.3 0.3 0.3 1.0 0.9 0.9 0.9 50.0 0.0 0.0 0.0 0.0 0
a 0.2 0.2 0.2 1.0 0.3 0.3 0.3 1.0 0.9 0.9 0.9 50.0 0.0 0.0 0.0 0.0 0
a 0.2 0.2 0.2 1.0 0.3 0.3 0.3 1.0 0.9 0.9 0.9 50.0 0.0 0.0 0.0 0.0 0
a 0.2 0.2 0.2 1.0 0.3 0.3 0.3 1.0 0.9 0.9 0.9 50.0 0.0 0.0 0.0 0.0 0
a 0.2 0.2 0.2 1.0 0.3 0.3 0.3 1.0 0.9 0.9 0.9 50.0 0.0 0.0 0.0 0.0 0