# object archway
m Media/Models/troll.fbx

t Media/Textures/TrollBody_DM.dds
t Media/Textures/TrollArmor_DM.dds

n Media/Textures/TrollBody_NM.dds
n Media/Textures/TrollArmor_NM.dds

i -9.0 5.0 177.0 2.0 2.0 2.0 0.0 1.57 0.0
a 0.2 0.2 0.2 1.0 0.3 0.3 0.3 1.0 0.9 0.9 0.9 100.0 0.0 0.0 0.0 0.0 0
a 0.2 0.2 0.2 1.0 0.3 0.3 0.3 1.0 0.9 0.9 0.9 10.0 0.0 0.0 0.0 0.0 0

i -84.0 -11.6 163.4 2.0 2.0 2.0 0.0 3.1415 0.0
a 0.2 0.2 0.2 1.0 0.3 0.3 0.3 1.0 0.9 0.9 0.9 100.0 0.0 0.0 0.0 0.0 0
a 0.2 0.2 0.2 1.0 0.3 0.3 0.3 1.0 0.9 0.9 0.9 10.0 0.0 0.0 0.0 0.0 0

i 48.65 0.0 50.0 2.0 2.0 2.0 0.0 -1.57 0.0
a 0.2 0.2 0.2 1.0 0.3 0.3 0.3 1.0 0.9 0.9 0.9 100.0 0.0 0.0 0.0 0.0 0
a 0.2 0.2 0.2 1.0 0.3 0.3 0.3 1.0 0.9 0.9 0.9 10.0 0.0 0.0 0.0 0.0 0