# object trees
m Media/Models/tree1.fbx

t Media/Textures/PRP_Log_A_DM.dds
t Media/Textures/PRP_TreeLeaves_A.dds

n Media/Textures/PRP_Log_A_NM.png
n Media/Textures/BlankNormalMap.png

i 29.2 -20.0 -12.53 0.049 0.049 0.049 0.0 0.31 0.0
a 0.2 0.2 0.2 1.0 0.3 0.3 0.3 1.0 0.9 0.9 0.9 40.0 0.0 0.0 0.0 0.0 0
a 0.2 0.2 0.2 1.0 0.3 0.3 0.3 1.0 0.9 0.9 0.9 80.0 0.0 0.0 0.0 0.0 1
i -40.2 -20.0 5.3 0.055 0.055 0.055 0.0 -0.5 0.0
a 0.2 0.2 0.2 1.0 0.3 0.3 0.3 1.0 0.9 0.9 0.9 40.0 0.0 0.0 0.0 0.0 0
a 0.2 0.2 0.2 1.0 0.3 0.3 0.3 1.0 0.9 0.9 0.9 80.0 0.0 0.0 0.0 0.0 1
i -41.2 -20.0 27.38 0.051 0.051 0.051 0.0 1.31 0.0
a 0.2 0.2 0.2 1.0 0.3 0.3 0.3 1.0 0.9 0.9 0.9 40.0 0.0 0.0 0.0 0.0 0
a 0.2 0.2 0.2 1.0 0.3 0.3 0.3 1.0 0.9 0.9 0.9 80.0 0.0 0.0 0.0 0.0 1

i -21.2 -20.0 36.27 0.049 0.049 0.049 0.0 0.31 0.0
a 0.2 0.2 0.2 1.0 0.3 0.3 0.3 1.0 0.9 0.9 0.9 40.0 0.0 0.0 0.0 0.0 0
a 0.2 0.2 0.2 1.0 0.3 0.3 0.3 1.0 0.9 0.9 0.9 80.0 0.0 0.0 0.0 0.0 1
i 0.2 -20.0 38.1 0.055 0.055 0.055 0.0 -0.5 0.0
a 0.2 0.2 0.2 1.0 0.3 0.3 0.3 1.0 0.9 0.9 0.9 40.0 0.0 0.0 0.0 0.0 0
a 0.2 0.2 0.2 1.0 0.3 0.3 0.3 1.0 0.9 0.9 0.9 80.0 0.0 0.0 0.0 0.0 1
i 30.5 -20.0 34.6 0.051 0.051 0.051 0.0 1.31 0.0
a 0.2 0.2 0.2 1.0 0.3 0.3 0.3 1.0 0.9 0.9 0.9 40.0 0.0 0.0 0.0 0.0 0
a 0.2 0.2 0.2 1.0 0.3 0.3 0.3 1.0 0.9 0.9 0.9 80.0 0.0 0.0 0.0 0.0 1

i 43.7 -20.0 19.9 0.049 0.049 0.049 0.0 0.31 0.0
a 0.2 0.2 0.2 1.0 0.3 0.3 0.3 1.0 0.9 0.9 0.9 40.0 0.0 0.0 0.0 0.0 0
a 0.2 0.2 0.2 1.0 0.3 0.3 0.3 1.0 0.9 0.9 0.9 80.0 0.0 0.0 0.0 0.0 1
i 49.28 -20.0 -3.1 0.055 0.055 0.055 0.0 -0.5 0.0
a 0.2 0.2 0.2 1.0 0.3 0.3 0.3 1.0 0.9 0.9 0.9 40.0 0.0 0.0 0.0 0.0 0
a 0.2 0.2 0.2 1.0 0.3 0.3 0.3 1.0 0.9 0.9 0.9 80.0 0.0 0.0 0.0 0.0 1
i 26.8 -20.0 -33.5 0.051 0.051 0.051 0.0 1.31 0.0
a 0.2 0.2 0.2 1.0 0.3 0.3 0.3 1.0 0.9 0.9 0.9 40.0 0.0 0.0 0.0 0.0 0
a 0.2 0.2 0.2 1.0 0.3 0.3 0.3 1.0 0.9 0.9 0.9 80.0 0.0 0.0 0.0 0.0 1
i -34.68 -20.0 -32.2 0.051 0.051 0.051 0.0 1.31 0.0
a 0.2 0.2 0.2 1.0 0.3 0.3 0.3 1.0 0.9 0.9 0.9 40.0 0.0 0.0 0.0 0.0 0
a 0.2 0.2 0.2 1.0 0.3 0.3 0.3 1.0 0.9 0.9 0.9 80.0 0.0 0.0 0.0 0.0 1
