# object bigbadman
m Media/Models/bigbadman.fbx
t Media/Textures/CommandoArmor_DM.dds
t Media/Textures/Commando_DM.dds
n Media/Textures/CommandoArmor_NM.dds
n Media/Textures/Commando_NM.dds

i -38.5 -20.0 -10.9 5.0 5.0 5.0 0.0 1.57 0.0
a 0.2 0.2 0.2 1.0 0.3 0.3 0.3 1.0 0.9 0.9 0.9 100.0 0.0 0.0 0.0 0.0 0
a 0.2 0.2 0.2 1.0 0.3 0.3 0.3 1.0 0.9 0.9 0.9 10.0 0.0 0.0 0.0 0.0 0
i 0.0 -20.0 25.0 4.0 4.0 4.0 0.0 3.14 0.0
a 0.2 0.2 0.2 1.0 0.3 0.3 0.3 1.0 0.9 0.9 0.9 100.0 0.0 0.0 0.0 0.0 0
a 0.2 0.2 0.2 1.0 0.3 0.3 0.3 1.0 0.9 0.9 0.9 10.0 0.0 0.0 0.0 0.0 0
i 0.2 -20.0 -29.35 4.5 4.5 4.5 0.0 0.0 0.0
a 0.2 0.2 0.2 1.0 0.3 0.3 0.3 1.0 0.9 0.9 0.9 500.0 0.0 0.0 0.0 0.0 0
a 0.2 0.2 0.2 1.0 0.3 0.3 0.3 1.0 0.9 0.9 0.9 100.0 0.0 0.0 0.0 0.0 0