# object archway
m Media/Models/archway.fbx

t Media/Textures/PRP_Ornatearch_A_DM.png

n Media/Textures/PRP_Ornatearch_A_NM.png

i 18.0 -20.01 22.4 0.03 0.03 0.03 0.0 0.79 0.0
a 0.2 0.2 0.2 1.0 0.3 0.3 0.3 1.0 0.9 0.9 0.9 50.0 0.0 0.0 0.0 0.0 0

i -21.5 -20.01 20.9 0.03 0.03 0.03 0.0 -0.79 0.0
a 0.2 0.2 0.2 1.0 0.3 0.3 0.3 1.0 0.9 0.9 0.9 50.0 0.0 0.0 0.0 0.0 0

i -18.0 -20.01 -22.4 0.03 0.03 0.03 0.0 0.79 0.0
a 0.2 0.2 0.2 1.0 0.3 0.3 0.3 1.0 0.9 0.9 0.9 50.0 0.0 0.0 0.0 0.0 0

i 21.5 -20.01 -20.9 0.03 0.03 0.03 0.0 -0.79 0.0
a 0.2 0.2 0.2 1.0 0.3 0.3 0.3 1.0 0.9 0.9 0.9 50.0 0.0 0.0 0.0 0.0 0