# Jenga lane scene
t Scene/jenga_settings.txt

j 100.0 0.0 100.0 20 0.0 50.0
j 100.0 0.0 170.0 20 0.0 50.0
j 100.0 0.0 240.0 20 0.0 50.0
j 100.0 0.0 310.0 20 0.0 50.0
j 100.0 0.0 380.0 20 0.0 50.0

j 170.0 0.0 100.0 20 0.0 25.0
j 170.0 0.0 170.0 20 0.0 25.0
j 170.0 0.0 240.0 20 0.0 25.0
j 170.0 0.0 310.0 20 0.0 25.0
j 170.0 0.0 380.0 20 0.0 25.0

j 240.0 0.0 100.0 20 0.0 10.0
j 240.0 0.0 170.0 20 0.0 10.0
j 240.0 0.0 240.0 20 0.0 10.0
j 240.0 0.0 310.0 20 0.0 10.0
j 240.0 0.0 380.0 20 0.0 10.0

o Scene/jenga_plane.txt

p Scene/jenga_physx.txt

