# Open World Trees

m Media/Models/tree1.fbx
t Media/Textures/PRP_Log_A_DM.dds
t Media/Textures/PRP_TreeLeaves_A.dds
n Media/Textures/PRP_Log_A_NM.png
n Media/Textures/BlankNormalMap.png
i 41.0 -62.0 -221.0 0.09 0.09 0.09 0.0 4.0 0.0
a 0.2 0.2 0.2 1.0 0.3 0.3 0.3 1.0 0.9 0.9 0.9 10.0 0.0 0.0 0.0 0.0 0
a 0.2 0.2 0.2 1.0 0.3 0.3 0.3 1.0 0.9 0.9 0.9 70.0 0.0 0.0 0.0 0.0 1
i -28.35 -3.35 74.17 0.08 0.08 0.08 0.0 3.3 0.0
a 0.2 0.2 0.2 1.0 0.3 0.3 0.3 1.0 0.9 0.9 0.9 10.0 0.0 0.0 0.0 0.0 0
a 0.2 0.2 0.2 1.0 0.3 0.3 0.3 1.0 0.9 0.9 0.9 70.0 0.0 0.0 0.0 0.0 1
i -2.36 -3.2 137.7 0.1 0.1 0.1 0.0 1.2 0.0
a 0.2 0.2 0.2 1.0 0.3 0.3 0.3 1.0 0.9 0.9 0.9 10.0 0.0 0.0 0.0 0.0 0
a 0.2 0.2 0.2 1.0 0.3 0.3 0.3 1.0 0.9 0.9 0.9 70.0 0.0 0.0 0.0 0.0 1
i 50.67 -10.8 140.8 0.13 0.13 0.13 0.0 0.8 0.0
a 0.2 0.2 0.2 1.0 0.3 0.3 0.3 1.0 0.9 0.9 0.9 10.0 0.0 0.0 0.0 0.0 0
a 0.2 0.2 0.2 1.0 0.3 0.3 0.3 1.0 0.9 0.9 0.9 70.0 0.0 0.0 0.0 0.0 1
i 70.0 -20.0 50.0 0.15 0.15 0.15 0.0 2.8 0.0
a 0.2 0.2 0.2 1.0 0.3 0.3 0.3 1.0 0.9 0.9 0.9 10.0 0.0 0.0 0.0 0.0 0
a 0.2 0.2 0.2 1.0 0.3 0.3 0.3 1.0 0.9 0.9 0.9 70.0 0.0 0.0 0.0 0.0 1
i 145.5 -27.1 58.6 0.16 0.16 0.16 0.0 5.3 0.0
a 0.2 0.2 0.2 1.0 0.3 0.3 0.3 1.0 0.9 0.9 0.9 10.0 0.0 0.0 0.0 0.0 0
a 0.2 0.2 0.2 1.0 0.3 0.3 0.3 1.0 0.9 0.9 0.9 70.0 0.0 0.0 0.0 0.0 1
i 130.0 -26.76 40.4 0.15 0.15 0.15 0.0 4.6 0.0
a 0.2 0.2 0.2 1.0 0.3 0.3 0.3 1.0 0.9 0.9 0.9 10.0 0.0 0.0 0.0 0.0 0
a 0.2 0.2 0.2 1.0 0.3 0.3 0.3 1.0 0.9 0.9 0.9 70.0 0.0 0.0 0.0 0.0 1
i 85.4 -31.1 -46.9 0.145 0.145 0.145 0.0 0.0 0.0
a 0.2 0.2 0.2 1.0 0.3 0.3 0.3 1.0 0.9 0.9 0.9 10.0 0.0 0.0 0.0 0.0 0
a 0.2 0.2 0.2 1.0 0.3 0.3 0.3 1.0 0.9 0.9 0.9 70.0 0.0 0.0 0.0 0.0 1
i 20.3 -49.68 -172.6 0.13 0.13 0.13 0.0 3.8 0.0
a 0.2 0.2 0.2 1.0 0.3 0.3 0.3 1.0 0.9 0.9 0.9 10.0 0.0 0.0 0.0 0.0 0
a 0.2 0.2 0.2 1.0 0.3 0.3 0.3 1.0 0.9 0.9 0.9 70.0 0.0 0.0 0.0 0.0 1
i -90.6 -50.6 -184.5 0.165 0.165 0.165 0.0 0.0 0.0
a 0.2 0.2 0.2 1.0 0.3 0.3 0.3 1.0 0.9 0.9 0.9 10.0 0.0 0.0 0.0 0.0 0
a 0.2 0.2 0.2 1.0 0.3 0.3 0.3 1.0 0.9 0.9 0.9 70.0 0.0 0.0 0.0 0.0 1
i -135.0 -64.0 -215.5 0.135 0.135 0.135 0.0 5.0 0.0
a 0.2 0.2 0.2 1.0 0.3 0.3 0.3 1.0 0.9 0.9 0.9 10.0 0.0 0.0 0.0 0.0 0
a 0.2 0.2 0.2 1.0 0.3 0.3 0.3 1.0 0.9 0.9 0.9 70.0 0.0 0.0 0.0 0.0 1
i 57.3 -35.1 -88.97 0.15 0.15 0.15 0.0 0.0 0.0
a 0.2 0.2 0.2 1.0 0.3 0.3 0.3 1.0 0.9 0.9 0.9 10.0 0.0 0.0 0.0 0.0 0
a 0.2 0.2 0.2 1.0 0.3 0.3 0.3 1.0 0.9 0.9 0.9 70.0 0.0 0.0 0.0 0.0 1
i -158.6 -62.1 -200.1 0.12 0.12 0.12 0.0 3.0 0.0
a 0.2 0.2 0.2 1.0 0.3 0.3 0.3 1.0 0.9 0.9 0.9 10.0 0.0 0.0 0.0 0.0 0
a 0.2 0.2 0.2 1.0 0.3 0.3 0.3 1.0 0.9 0.9 0.9 70.0 0.0 0.0 0.0 0.0 1
i -146.2 -42.9 -134.86 0.125 0.125 0.125 0.0 5.0 0.0
a 0.2 0.2 0.2 1.0 0.3 0.3 0.3 1.0 0.9 0.9 0.9 10.0 0.0 0.0 0.0 0.0 0
a 0.2 0.2 0.2 1.0 0.3 0.3 0.3 1.0 0.9 0.9 0.9 70.0 0.0 0.0 0.0 0.0 1
i -118.3 -39.8, -107.1 0.10 0.10 0.10 0.0 3.5 0.0
a 0.2 0.2 0.2 1.0 0.3 0.3 0.3 1.0 0.9 0.9 0.9 10.0 0.0 0.0 0.0 0.0 0
a 0.2 0.2 0.2 1.0 0.3 0.3 0.3 1.0 0.9 0.9 0.9 70.0 0.0 0.0 0.0 0.0 1
i -115.67 -25.0 -13.8 0.12 0.12 0.12 0.0 0.0 0.0
a 0.2 0.2 0.2 1.0 0.3 0.3 0.3 1.0 0.9 0.9 0.9 10.0 0.0 0.0 0.0 0.0 0
a 0.2 0.2 0.2 1.0 0.3 0.3 0.3 1.0 0.9 0.9 0.9 70.0 0.0 0.0 0.0 0.0 1
i -161.3 -19.67 58.56 0.115 0.115 0.115 0.0 0.0 0.0
a 0.2 0.2 0.2 1.0 0.3 0.3 0.3 1.0 0.9 0.9 0.9 10.0 0.0 0.0 0.0 0.0 0
a 0.2 0.2 0.2 1.0 0.3 0.3 0.3 1.0 0.9 0.9 0.9 70.0 0.0 0.0 0.0 0.0 1
i -131.4 -12.1 85.4 0.18 0.18 0.18 0.  0.0 0.0
a 0.2 0.2 0.2 1.0 0.3 0.3 0.3 1.0 0.9 0.9 0.9 10.0 0.0 0.0 0.0 0.0 0
a 0.2 0.2 0.2 1.0 0.3 0.3 0.3 1.0 0.9 0.9 0.9 70.0 0.0 0.0 0.0 0.0 1
i -81.0 -77.1 -289.8 0.17 0.17 0.17 0.0 0.0 0.0
a 0.2 0.2 0.2 1.0 0.3 0.3 0.3 1.0 0.9 0.9 0.9 10.0 0.0 0.0 0.0 0.0 0
a 0.2 0.2 0.2 1.0 0.3 0.3 0.3 1.0 0.9 0.9 0.9 70.0 0.0 0.0 0.0 0.0 1
i -108.98 -1.0 125.0 0.13 0.13 0.13 0.0 2.0 0.0
a 0.2 0.2 0.2 1.0 0.3 0.3 0.3 1.0 0.9 0.9 0.9 10.0 0.0 0.0 0.0 0.0 0
a 0.2 0.2 0.2 1.0 0.3 0.3 0.3 1.0 0.9 0.9 0.9 70.0 0.0 0.0 0.0 0.0 1
i -99.77 0.5 176.4 0.11 0.11 0.11 0.0 .3 0.0
a 0.2 0.2 0.2 1.0 0.3 0.3 0.3 1.0 0.9 0.9 0.9 10.0 0.0 0.0 0.0 0.0 0
a 0.2 0.2 0.2 1.0 0.3 0.3 0.3 1.0 0.9 0.9 0.9 70.0 0.0 0.0 0.0 0.0 1
i -26.4 35.1 264.96 0.385 0.385 0.385 0.0 1.0 0.0
a 0.2 0.2 0.2 1.0 0.3 0.3 0.3 1.0 0.9 0.9 0.9 10.0 0.0 0.0 0.0 0.0 0
a 0.2 0.2 0.2 1.0 0.3 0.3 0.3 1.0 0.9 0.9 0.9 70.0 0.0 0.0 0.0 0.0 1
i 203.616 -36.4619 60.3118 0.0801501 0.0801501 0.0801501 0.0 3.54112 0.0
a 0.2 0.2 0.2 1.0 0.3 0.3 0.3 1.0 0.9 0.9 0.9 10.0 0.0 0.0 0.0 0.0 0
a 0.2 0.2 0.2 1.0 0.3 0.3 0.3 1.0 0.9 0.9 0.9 70.0 0.0 0.0 0.0 0.0 1
i 252.829 -46.5585 105.472 0.103197 0.103197 0.103197 0.0 5.08148 0.0
a 0.2 0.2 0.2 1.0 0.3 0.3 0.3 1.0 0.9 0.9 0.9 10.0 0.0 0.0 0.0 0.0 0
a 0.2 0.2 0.2 1.0 0.3 0.3 0.3 1.0 0.9 0.9 0.9 70.0 0.0 0.0 0.0 0.0 1
i 174.752 -31.166 156.207 0.150201 0.150201 0.150201 0.0 3.01514 0.0
a 0.2 0.2 0.2 1.0 0.3 0.3 0.3 1.0 0.9 0.9 0.9 10.0 0.0 0.0 0.0 0.0 0
a 0.2 0.2 0.2 1.0 0.3 0.3 0.3 1.0 0.9 0.9 0.9 70.0 0.0 0.0 0.0 0.0 1
i 108.99 -24.0868 143.718 0.122035 0.122035 0.122035 0.0 5.62951 0.0
a 0.2 0.2 0.2 1.0 0.3 0.3 0.3 1.0 0.9 0.9 0.9 10.0 0.0 0.0 0.0 0.0 0
a 0.2 0.2 0.2 1.0 0.3 0.3 0.3 1.0 0.9 0.9 0.9 70.0 0.0 0.0 0.0 0.0 1
i 157.72 -27.245 199.745 0.178741 0.178741 0.178741 0.0 4.69107 0.0
a 0.2 0.2 0.2 1.0 0.3 0.3 0.3 1.0 0.9 0.9 0.9 10.0 0.0 0.0 0.0 0.0 0
a 0.2 0.2 0.2 1.0 0.3 0.3 0.3 1.0 0.9 0.9 0.9 70.0 0.0 0.0 0.0 0.0 1
i -190.741 -31.7283 9.5596 0.12015 0.12015 0.12015 0.0 3.54112 0.0
a 0.2 0.2 0.2 1.0 0.3 0.3 0.3 1.0 0.9 0.9 0.9 10.0 0.0 0.0 0.0 0.0 0
a 0.2 0.2 0.2 1.0 0.3 0.3 0.3 1.0 0.9 0.9 0.9 70.0 0.0 0.0 0.0 0.0 1
i -122.342 -20.2369 39.5902 0.143197 0.143197 0.143197 0.0 5.08148 0.0
a 0.2 0.2 0.2 1.0 0.3 0.3 0.3 1.0 0.9 0.9 0.9 10.0 0.0 0.0 0.0 0.0 0
a 0.2 0.2 0.2 1.0 0.3 0.3 0.3 1.0 0.9 0.9 0.9 70.0 0.0 0.0 0.0 0.0 1
i 152.112 -29.796 -24.7707 0.190201 0.190201 0.190201 0.0 3.01514 0.0
a 0.2 0.2 0.2 1.0 0.3 0.3 0.3 1.0 0.9 0.9 0.9 10.0 0.0 0.0 0.0 0.0 0
a 0.2 0.2 0.2 1.0 0.3 0.3 0.3 1.0 0.9 0.9 0.9 70.0 0.0 0.0 0.0 0.0 1
i 801.212 -125.414 390.893 0.162035 0.162035 0.162035 0.0 5.62951 0.0
a 0.2 0.2 0.2 1.0 0.3 0.3 0.3 1.0 0.9 0.9 0.9 10.0 0.0 0.0 0.0 0.0 0
a 0.2 0.2 0.2 1.0 0.3 0.3 0.3 1.0 0.9 0.9 0.9 70.0 0.0 0.0 0.0 0.0 1
i 761.879 -129.607 359.754 0.218741 0.218741 0.218741 0.0 4.69107 0.0
a 0.2 0.2 0.2 1.0 0.3 0.3 0.3 1.0 0.9 0.9 0.9 10.0 0.0 0.0 0.0 0.0 0
a 0.2 0.2 0.2 1.0 0.3 0.3 0.3 1.0 0.9 0.9 0.9 70.0 0.0 0.0 0.0 0.0 1
i 675.225 -133.93 368.407 0.140893 0.140893 0.140893 0.0 5.39691 0.0
a 0.2 0.2 0.2 1.0 0.3 0.3 0.3 1.0 0.9 0.9 0.9 10.0 0.0 0.0 0.0 0.0 0
a 0.2 0.2 0.2 1.0 0.3 0.3 0.3 1.0 0.9 0.9 0.9 70.0 0.0 0.0 0.0 0.0 1
i 647.182 -141.959 309.983 0.20526 0.20526 0.20526 0.0 3.22664 0.0
a 0.2 0.2 0.2 1.0 0.3 0.3 0.3 1.0 0.9 0.9 0.9 10.0 0.0 0.0 0.0 0.0 0
a 0.2 0.2 0.2 1.0 0.3 0.3 0.3 1.0 0.9 0.9 0.9 70.0 0.0 0.0 0.0 0.0 1
i 652.751 -142.76 281.197 0.156479 0.156479 0.156479 0.0 0.0941512 0.0
a 0.2 0.2 0.2 1.0 0.3 0.3 0.3 1.0 0.9 0.9 0.9 10.0 0.0 0.0 0.0 0.0 0
a 0.2 0.2 0.2 1.0 0.3 0.3 0.3 1.0 0.9 0.9 0.9 70.0 0.0 0.0 0.0 0.0 1
i 699.686 -138.082 244.767 0.130968 0.130968 0.130968 0.0 2.28993 0.0
a 0.2 0.2 0.2 1.0 0.3 0.3 0.3 1.0 0.9 0.9 0.9 10.0 0.0 0.0 0.0 0.0 0
a 0.2 0.2 0.2 1.0 0.3 0.3 0.3 1.0 0.9 0.9 0.9 70.0 0.0 0.0 0.0 0.0 1
i 734.326 -138.658 165.892 0.137678 0.137678 0.137678 0.0 1.04237 0.0
a 0.2 0.2 0.2 1.0 0.3 0.3 0.3 1.0 0.9 0.9 0.9 10.0 0.0 0.0 0.0 0.0 0
a 0.2 0.2 0.2 1.0 0.3 0.3 0.3 1.0 0.9 0.9 0.9 70.0 0.0 0.0 0.0 0.0 1
i 756.578 -132.126 114.24 0.238623 0.238623 0.238623 0.0 2.80037 0.0
a 0.2 0.2 0.2 1.0 0.3 0.3 0.3 1.0 0.9 0.9 0.9 10.0 0.0 0.0 0.0 0.0 0
a 0.2 0.2 0.2 1.0 0.3 0.3 0.3 1.0 0.9 0.9 0.9 70.0 0.0 0.0 0.0 0.0 1
i 659.723 -81.0923 -122.788 0.175717 0.175717 0.175717 0.0 2.54994 0.0
a 0.2 0.2 0.2 1.0 0.3 0.3 0.3 1.0 0.9 0.9 0.9 10.0 0.0 0.0 0.0 0.0 0
a 0.2 0.2 0.2 1.0 0.3 0.3 0.3 1.0 0.9 0.9 0.9 70.0 0.0 0.0 0.0 0.0 1
i -398.268 -158.154 -355.555 0.234935 0.234935 0.234935 0.0 1.37162 0.0
a 0.2 0.2 0.2 1.0 0.3 0.3 0.3 1.0 0.9 0.9 0.9 10.0 0.0 0.0 0.0 0.0 0
a 0.2 0.2 0.2 1.0 0.3 0.3 0.3 1.0 0.9 0.9 0.9 70.0 0.0 0.0 0.0 0.0 1
i -408.592 -156.084 -327.055 0.192186 0.192186 0.192186 0.0 4.91427 0.0
a 0.2 0.2 0.2 1.0 0.3 0.3 0.3 1.0 0.9 0.9 0.9 10.0 0.0 0.0 0.0 0.0 0
a 0.2 0.2 0.2 1.0 0.3 0.3 0.3 1.0 0.9 0.9 0.9 70.0 0.0 0.0 0.0 0.0 1
i -425.827 -156.564 -281.751 0.152674 0.152674 0.152674 0.0 3.37084 0.0
a 0.2 0.2 0.2 1.0 0.3 0.3 0.3 1.0 0.9 0.9 0.9 10.0 0.0 0.0 0.0 0.0 0
a 0.2 0.2 0.2 1.0 0.3 0.3 0.3 1.0 0.9 0.9 0.9 70.0 0.0 0.0 0.0 0.0 1
i -434.797 -158.734 -257.912 0.174003 0.174003 0.174003 0.0 3.24371 0.0
a 0.2 0.2 0.2 1.0 0.3 0.3 0.3 1.0 0.9 0.9 0.9 10.0 0.0 0.0 0.0 0.0 0
a 0.2 0.2 0.2 1.0 0.3 0.3 0.3 1.0 0.9 0.9 0.9 70.0 0.0 0.0 0.0 0.0 1
i -451.528 -160.157 -247.2 0.215419 0.215419 0.215419 0.0 2.01648 0.0
a 0.2 0.2 0.2 1.0 0.3 0.3 0.3 1.0 0.9 0.9 0.9 10.0 0.0 0.0 0.0 0.0 0
a 0.2 0.2 0.2 1.0 0.3 0.3 0.3 1.0 0.9 0.9 0.9 70.0 0.0 0.0 0.0 0.0 1
i -462.786 -164.611 -245.583 0.142768 0.142768 0.142768 0.0 1.6905 0.0
a 0.2 0.2 0.2 1.0 0.3 0.3 0.3 1.0 0.9 0.9 0.9 10.0 0.0 0.0 0.0 0.0 0
a 0.2 0.2 0.2 1.0 0.3 0.3 0.3 1.0 0.9 0.9 0.9 70.0 0.0 0.0 0.0 0.0 1
i -482.185 -164.226 -238.432 0.16929 0.16929 0.16929 0.0 6.12098 0.0
a 0.2 0.2 0.2 1.0 0.3 0.3 0.3 1.0 0.9 0.9 0.9 10.0 0.0 0.0 0.0 0.0 0
a 0.2 0.2 0.2 1.0 0.3 0.3 0.3 1.0 0.9 0.9 0.9 70.0 0.0 0.0 0.0 0.0 1
i -503.449 -163.938 -228.971 0.159541 0.159541 0.159541 0.0 4.84811 0.0
a 0.2 0.2 0.2 1.0 0.3 0.3 0.3 1.0 0.9 0.9 0.9 10.0 0.0 0.0 0.0 0.0 0
a 0.2 0.2 0.2 1.0 0.3 0.3 0.3 1.0 0.9 0.9 0.9 70.0 0.0 0.0 0.0 0.0 1
i -516.373 -163.634 -229.171 0.172688 0.172688 0.172688 0.0 0.577563 0.0
a 0.2 0.2 0.2 1.0 0.3 0.3 0.3 1.0 0.9 0.9 0.9 10.0 0.0 0.0 0.0 0.0 0
a 0.2 0.2 0.2 1.0 0.3 0.3 0.3 1.0 0.9 0.9 0.9 70.0 0.0 0.0 0.0 0.0 1
i -533.219 -163.799 -240.668 0.169685 0.169685 0.169685 0.0 4.93862 0.0
a 0.2 0.2 0.2 1.0 0.3 0.3 0.3 1.0 0.9 0.9 0.9 10.0 0.0 0.0 0.0 0.0 0
a 0.2 0.2 0.2 1.0 0.3 0.3 0.3 1.0 0.9 0.9 0.9 70.0 0.0 0.0 0.0 0.0 1
i -553.022 -165.712 -255.932 0.122765 0.122765 0.122765 0.0 4.76604 0.0
a 0.2 0.2 0.2 1.0 0.3 0.3 0.3 1.0 0.9 0.9 0.9 10.0 0.0 0.0 0.0 0.0 0
a 0.2 0.2 0.2 1.0 0.3 0.3 0.3 1.0 0.9 0.9 0.9 70.0 0.0 0.0 0.0 0.0 1
i -567.667 -163.203 -277.732 0.178984 0.178984 0.178984 0.0 4.97697 0.0
a 0.2 0.2 0.2 1.0 0.3 0.3 0.3 1.0 0.9 0.9 0.9 10.0 0.0 0.0 0.0 0.0 0
a 0.2 0.2 0.2 1.0 0.3 0.3 0.3 1.0 0.9 0.9 0.9 70.0 0.0 0.0 0.0 0.0 1
i -568.619 -159.923 -319.826 0.175069 0.175069 0.175069 0.0 0.50949 0.0
a 0.2 0.2 0.2 1.0 0.3 0.3 0.3 1.0 0.9 0.9 0.9 10.0 0.0 0.0 0.0 0.0 0
a 0.2 0.2 0.2 1.0 0.3 0.3 0.3 1.0 0.9 0.9 0.9 70.0 0.0 0.0 0.0 0.0 1
i -561.431 -159.394 -334.309 0.162617 0.162617 0.162617 0.0 3.97563 0.0
a 0.2 0.2 0.2 1.0 0.3 0.3 0.3 1.0 0.9 0.9 0.9 10.0 0.0 0.0 0.0 0.0 0
a 0.2 0.2 0.2 1.0 0.3 0.3 0.3 1.0 0.9 0.9 0.9 70.0 0.0 0.0 0.0 0.0 1
i -544.974 -156.43 -352.033 0.144987 0.144987 0.144987 0.0 2.07746 0.0
a 0.2 0.2 0.2 1.0 0.3 0.3 0.3 1.0 0.9 0.9 0.9 10.0 0.0 0.0 0.0 0.0 0
a 0.2 0.2 0.2 1.0 0.3 0.3 0.3 1.0 0.9 0.9 0.9 70.0 0.0 0.0 0.0 0.0 1
i -577.905 -158.653 -300.213 0.162972 0.162972 0.162972 0.0 1.2069 0.0
a 0.2 0.2 0.2 1.0 0.3 0.3 0.3 1.0 0.9 0.9 0.9 10.0 0.0 0.0 0.0 0.0 0
a 0.2 0.2 0.2 1.0 0.3 0.3 0.3 1.0 0.9 0.9 0.9 70.0 0.0 0.0 0.0 0.0 1
i -528.214 -153.437 -363.58 0.155681 0.155681 0.155681 0.0 1.98216 0.0
a 0.2 0.2 0.2 1.0 0.3 0.3 0.3 1.0 0.9 0.9 0.9 10.0 0.0 0.0 0.0 0.0 0
a 0.2 0.2 0.2 1.0 0.3 0.3 0.3 1.0 0.9 0.9 0.9 70.0 0.0 0.0 0.0 0.0 1
i -517.343 -149.632 -376.725 0.164932 0.164932 0.164932 0.0 4.76048 0.0
a 0.2 0.2 0.2 1.0 0.3 0.3 0.3 1.0 0.9 0.9 0.9 10.0 0.0 0.0 0.0 0.0 0
a 0.2 0.2 0.2 1.0 0.3 0.3 0.3 1.0 0.9 0.9 0.9 70.0 0.0 0.0 0.0 0.0 1
i -507.307 -144.533 -395.594 0.188725 0.188725 0.188725 0.0 5.2274 0.0
a 0.2 0.2 0.2 1.0 0.3 0.3 0.3 1.0 0.9 0.9 0.9 10.0 0.0 0.0 0.0 0.0 0
a 0.2 0.2 0.2 1.0 0.3 0.3 0.3 1.0 0.9 0.9 0.9 70.0 0.0 0.0 0.0 0.0 1
i -494.71 -138.019 -417.456 0.195768 0.195768 0.195768 0.0 6.0437 0.0
a 0.2 0.2 0.2 1.0 0.3 0.3 0.3 1.0 0.9 0.9 0.9 10.0 0.0 0.0 0.0 0.0 0
a 0.2 0.2 0.2 1.0 0.3 0.3 0.3 1.0 0.9 0.9 0.9 70.0 0.0 0.0 0.0 0.0 1
i -469.746 -140.554 -438.221 0.166071 0.166071 0.166071 0.0 1.37257 0.0
a 0.2 0.2 0.2 1.0 0.3 0.3 0.3 1.0 0.9 0.9 0.9 10.0 0.0 0.0 0.0 0.0 0
a 0.2 0.2 0.2 1.0 0.3 0.3 0.3 1.0 0.9 0.9 0.9 70.0 0.0 0.0 0.0 0.0 1
i -455.461 -144.238 -448.484 0.224912 0.224912 0.224912 0.0 2.43738 0.0
a 0.2 0.2 0.2 1.0 0.3 0.3 0.3 1.0 0.9 0.9 0.9 10.0 0.0 0.0 0.0 0.0 0
a 0.2 0.2 0.2 1.0 0.3 0.3 0.3 1.0 0.9 0.9 0.9 70.0 0.0 0.0 0.0 0.0 1
i -445.748 -145.254 -461.981 0.188648 0.188648 0.188648 0.0 3.37007 0.0
a 0.2 0.2 0.2 1.0 0.3 0.3 0.3 1.0 0.9 0.9 0.9 10.0 0.0 0.0 0.0 0.0 0
a 0.2 0.2 0.2 1.0 0.3 0.3 0.3 1.0 0.9 0.9 0.9 70.0 0.0 0.0 0.0 0.0 1
i -376.712 -144.786 -354.087 0.150744 0.150744 0.150744 0.0 1.45944 0.0
a 0.2 0.2 0.2 1.0 0.3 0.3 0.3 1.0 0.9 0.9 0.9 10.0 0.0 0.0 0.0 0.0 0
a 0.2 0.2 0.2 1.0 0.3 0.3 0.3 1.0 0.9 0.9 0.9 70.0 0.0 0.0 0.0 0.0 1
i -379.602 -142.243 -327.559 0.222289 0.222289 0.222289 0.0 4.03834 0.0
a 0.2 0.2 0.2 1.0 0.3 0.3 0.3 1.0 0.9 0.9 0.9 10.0 0.0 0.0 0.0 0.0 0
a 0.2 0.2 0.2 1.0 0.3 0.3 0.3 1.0 0.9 0.9 0.9 70.0 0.0 0.0 0.0 0.0 1
i -385.692 -143.608 -303.331 0.134026 0.134026 0.134026 0.0 5.44217 0.0
a 0.2 0.2 0.2 1.0 0.3 0.3 0.3 1.0 0.9 0.9 0.9 10.0 0.0 0.0 0.0 0.0 0
a 0.2 0.2 0.2 1.0 0.3 0.3 0.3 1.0 0.9 0.9 0.9 70.0 0.0 0.0 0.0 0.0 1
i -392.962 -148.525 -284.114 0.212779 0.212779 0.212779 0.0 1.13039 0.0
a 0.2 0.2 0.2 1.0 0.3 0.3 0.3 1.0 0.9 0.9 0.9 10.0 0.0 0.0 0.0 0.0 0
a 0.2 0.2 0.2 1.0 0.3 0.3 0.3 1.0 0.9 0.9 0.9 70.0 0.0 0.0 0.0 0.0 1
i 480.282 -162.924 49.3007 0.126087 0.126087 0.126087 0.0 5.18598 0.0
a 0.2 0.2 0.2 1.0 0.3 0.3 0.3 1.0 0.9 0.9 0.9 10.0 0.0 0.0 0.0 0.0 0
a 0.2 0.2 0.2 1.0 0.3 0.3 0.3 1.0 0.9 0.9 0.9 70.0 0.0 0.0 0.0 0.0 1
i 488.058 -145.969 4.87556 0.165188 0.165188 0.165188 0.0 3.05867 0.0
a 0.2 0.2 0.2 1.0 0.3 0.3 0.3 1.0 0.9 0.9 0.9 10.0 0.0 0.0 0.0 0.0 0
a 0.2 0.2 0.2 1.0 0.3 0.3 0.3 1.0 0.9 0.9 0.9 70.0 0.0 0.0 0.0 0.0 1
i 482.171 -128.192 -49.5025 0.134059 0.134059 0.134059 0.0 3.33613 0.0
a 0.2 0.2 0.2 1.0 0.3 0.3 0.3 1.0 0.9 0.9 0.9 10.0 0.0 0.0 0.0 0.0 0
a 0.2 0.2 0.2 1.0 0.3 0.3 0.3 1.0 0.9 0.9 0.9 70.0 0.0 0.0 0.0 0.0 1
i 485.917 -130.127 -100.513 0.215441 0.215441 0.215441 0.0 0.400957 0.0
a 0.2 0.2 0.2 1.0 0.3 0.3 0.3 1.0 0.9 0.9 0.9 10.0 0.0 0.0 0.0 0.0 0
a 0.2 0.2 0.2 1.0 0.3 0.3 0.3 1.0 0.9 0.9 0.9 70.0 0.0 0.0 0.0 0.0 1
i 479.175 -131.868 -146.493 0.160885 0.160885 0.160885 0.0 3.00862 0.0
a 0.2 0.2 0.2 1.0 0.3 0.3 0.3 1.0 0.9 0.9 0.9 10.0 0.0 0.0 0.0 0.0 0
a 0.2 0.2 0.2 1.0 0.3 0.3 0.3 1.0 0.9 0.9 0.9 70.0 0.0 0.0 0.0 0.0 1
i 467.901 -131.424 -186.871 0.21016 0.21016 0.21016 0.0 5.32117 0.0
a 0.2 0.2 0.2 1.0 0.3 0.3 0.3 1.0 0.9 0.9 0.9 10.0 0.0 0.0 0.0 0.0 0
a 0.2 0.2 0.2 1.0 0.3 0.3 0.3 1.0 0.9 0.9 0.9 70.0 0.0 0.0 0.0 0.0 1
i 467.039 -129.114 -217.552 0.127083 0.127083 0.127083 0.0 1.84774 0.0
a 0.2 0.2 0.2 1.0 0.3 0.3 0.3 1.0 0.9 0.9 0.9 10.0 0.0 0.0 0.0 0.0 0
a 0.2 0.2 0.2 1.0 0.3 0.3 0.3 1.0 0.9 0.9 0.9 70.0 0.0 0.0 0.0 0.0 1
i 473.231 -129.205 -246.858 0.191369 0.191369 0.191369 0.0 0.974493 0.0
a 0.2 0.2 0.2 1.0 0.3 0.3 0.3 1.0 0.9 0.9 0.9 10.0 0.0 0.0 0.0 0.0 0
a 0.2 0.2 0.2 1.0 0.3 0.3 0.3 1.0 0.9 0.9 0.9 70.0 0.0 0.0 0.0 0.0 1
i 479.115 -129.589 -270.86 0.133129 0.133129 0.133129 0.0 0.291274 0.0
a 0.2 0.2 0.2 1.0 0.3 0.3 0.3 1.0 0.9 0.9 0.9 10.0 0.0 0.0 0.0 0.0 0
a 0.2 0.2 0.2 1.0 0.3 0.3 0.3 1.0 0.9 0.9 0.9 70.0 0.0 0.0 0.0 0.0 1
i 489.197 -129.799 -301.875 0.150576 0.150576 0.150576 0.0 0.158005 0.0
a 0.2 0.2 0.2 1.0 0.3 0.3 0.3 1.0 0.9 0.9 0.9 10.0 0.0 0.0 0.0 0.0 0
a 0.2 0.2 0.2 1.0 0.3 0.3 0.3 1.0 0.9 0.9 0.9 70.0 0.0 0.0 0.0 0.0 1
i 495.851 -129.899 -324.803 0.177112 0.177112 0.177112 0.0 1.74055 0.0
a 0.2 0.2 0.2 1.0 0.3 0.3 0.3 1.0 0.9 0.9 0.9 10.0 0.0 0.0 0.0 0.0 0
a 0.2 0.2 0.2 1.0 0.3 0.3 0.3 1.0 0.9 0.9 0.9 70.0 0.0 0.0 0.0 0.0 1
i 525.331 -138.66 -391.434 0.209369 0.209369 0.209369 0.0 1.75647 0.0
a 0.2 0.2 0.2 1.0 0.3 0.3 0.3 1.0 0.9 0.9 0.9 10.0 0.0 0.0 0.0 0.0 0
a 0.2 0.2 0.2 1.0 0.3 0.3 0.3 1.0 0.9 0.9 0.9 70.0 0.0 0.0 0.0 0.0 1
i 542.498 -138.841 -421.993 0.140435 0.140435 0.140435 0.0 3.50488 0.0
a 0.2 0.2 0.2 1.0 0.3 0.3 0.3 1.0 0.9 0.9 0.9 10.0 0.0 0.0 0.0 0.0 0
a 0.2 0.2 0.2 1.0 0.3 0.3 0.3 1.0 0.9 0.9 0.9 70.0 0.0 0.0 0.0 0.0 1
i -307.157 -102.129 -310.763 0.14925 0.14925 0.14925 0.0 5.4786 0.0
a 0.2 0.2 0.2 1.0 0.3 0.3 0.3 1.0 0.9 0.9 0.9 10.0 0.0 0.0 0.0 0.0 0
a 0.2 0.2 0.2 1.0 0.3 0.3 0.3 1.0 0.9 0.9 0.9 70.0 0.0 0.0 0.0 0.0 1
i -302.393 -98.5252 -292.205 0.204861 0.204861 0.204861 0.0 0.611887 0.0
a 0.2 0.2 0.2 1.0 0.3 0.3 0.3 1.0 0.9 0.9 0.9 10.0 0.0 0.0 0.0 0.0 0
a 0.2 0.2 0.2 1.0 0.3 0.3 0.3 1.0 0.9 0.9 0.9 70.0 0.0 0.0 0.0 0.0 1
i -294.784 -96.0699 -277.879 0.176384 0.176384 0.176384 0.0 5.40593 0.0
a 0.2 0.2 0.2 1.0 0.3 0.3 0.3 1.0 0.9 0.9 0.9 10.0 0.0 0.0 0.0 0.0 0
a 0.2 0.2 0.2 1.0 0.3 0.3 0.3 1.0 0.9 0.9 0.9 70.0 0.0 0.0 0.0 0.0 1
i -269.809 -92.4179 -261.947 0.127617 0.127617 0.127617 0.0 4.11485 0.0
a 0.2 0.2 0.2 1.0 0.3 0.3 0.3 1.0 0.9 0.9 0.9 10.0 0.0 0.0 0.0 0.0 0
a 0.2 0.2 0.2 1.0 0.3 0.3 0.3 1.0 0.9 0.9 0.9 70.0 0.0 0.0 0.0 0.0 1
i -256.099 -89.6564 -252.202 0.225325 0.225325 0.225325 0.0 2.05081 0.0
a 0.2 0.2 0.2 1.0 0.3 0.3 0.3 1.0 0.9 0.9 0.9 10.0 0.0 0.0 0.0 0.0 0
a 0.2 0.2 0.2 1.0 0.3 0.3 0.3 1.0 0.9 0.9 0.9 70.0 0.0 0.0 0.0 0.0 1
i -255.23 -80.2202 -221.33 0.206699 0.206699 0.206699 0.0 0.714475 0.0
a 0.2 0.2 0.2 1.0 0.3 0.3 0.3 1.0 0.9 0.9 0.9 10.0 0.0 0.0 0.0 0.0 0
a 0.2 0.2 0.2 1.0 0.3 0.3 0.3 1.0 0.9 0.9 0.9 70.0 0.0 0.0 0.0 0.0 1
i -250.664 -72.1007 -185.428 0.210607 0.210607 0.210607 0.0 0.49204 0.0
a 0.2 0.2 0.2 1.0 0.3 0.3 0.3 1.0 0.9 0.9 0.9 10.0 0.0 0.0 0.0 0.0 0
a 0.2 0.2 0.2 1.0 0.3 0.3 0.3 1.0 0.9 0.9 0.9 70.0 0.0 0.0 0.0 0.0 1
i -245.211 -68.4744 -168.592 0.143731 0.143731 0.143731 0.0 4.43335 0.0
a 0.2 0.2 0.2 1.0 0.3 0.3 0.3 1.0 0.9 0.9 0.9 10.0 0.0 0.0 0.0 0.0 0
a 0.2 0.2 0.2 1.0 0.3 0.3 0.3 1.0 0.9 0.9 0.9 70.0 0.0 0.0 0.0 0.0 1
i -240.786 -65.3012 -154.824 0.182232 0.182232 0.182232 0.0 1.03183 0.0
a 0.2 0.2 0.2 1.0 0.3 0.3 0.3 1.0 0.9 0.9 0.9 10.0 0.0 0.0 0.0 0.0 0
a 0.2 0.2 0.2 1.0 0.3 0.3 0.3 1.0 0.9 0.9 0.9 70.0 0.0 0.0 0.0 0.0 1
# i -236.213 -61.7634 -138.092 0.196456 0.196456 0.196456 0.0 3.02358 0.0
# a 0.2 0.2 0.2 1.0 0.3 0.3 0.3 1.0 0.9 0.9 0.9 10.0 0.0 0.0 0.0 0.0 0
# a 0.2 0.2 0.2 1.0 0.3 0.3 0.3 1.0 0.9 0.9 0.9 70.0 0.0 0.0 0.0 0.0 1
# i -230.952 -61.1207 -118.767 0.182265 0.182265 0.182265 0.0 4.23239 0.0
# a 0.2 0.2 0.2 1.0 0.3 0.3 0.3 1.0 0.9 0.9 0.9 10.0 0.0 0.0 0.0 0.0 0
# a 0.2 0.2 0.2 1.0 0.3 0.3 0.3 1.0 0.9 0.9 0.9 70.0 0.0 0.0 0.0 0.0 1
# i -214.126 -58.04 -97.4954 0.184279 0.184279 0.184279 0.0 4.46518 0.0
# a 0.2 0.2 0.2 1.0 0.3 0.3 0.3 1.0 0.9 0.9 0.9 10.0 0.0 0.0 0.0 0.0 0
# a 0.2 0.2 0.2 1.0 0.3 0.3 0.3 1.0 0.9 0.9 0.9 70.0 0.0 0.0 0.0 0.0 1
# i -199.918 -53.7545 -82.2343 0.153791 0.153791 0.153791 0.0 0.454648 0.0
# a 0.2 0.2 0.2 1.0 0.3 0.3 0.3 1.0 0.9 0.9 0.9 10.0 0.0 0.0 0.0 0.0 0
# a 0.2 0.2 0.2 1.0 0.3 0.3 0.3 1.0 0.9 0.9 0.9 70.0 0.0 0.0 0.0 0.0 1
# i -199.083 -50.6506 -64.7721 0.225421 0.225421 0.225421 0.0 1.95263 0.0
# a 0.2 0.2 0.2 1.0 0.3 0.3 0.3 1.0 0.9 0.9 0.9 10.0 0.0 0.0 0.0 0.0 0
# a 0.2 0.2 0.2 1.0 0.3 0.3 0.3 1.0 0.9 0.9 0.9 70.0 0.0 0.0 0.0 0.0 1
# i -198.725 -48.2504 -51.197 0.19101 0.19101 0.19101 0.0 6.01283 0.0
# a 0.2 0.2 0.2 1.0 0.3 0.3 0.3 1.0 0.9 0.9 0.9 10.0 0.0 0.0 0.0 0.0 0
# a 0.2 0.2 0.2 1.0 0.3 0.3 0.3 1.0 0.9 0.9 0.9 70.0 0.0 0.0 0.0 0.0 1
# i -192.952 -45.72 -31.6316 0.224329 0.224329 0.224329 0.0 1.04966 0.0
# a 0.2 0.2 0.2 1.0 0.3 0.3 0.3 1.0 0.9 0.9 0.9 10.0 0.0 0.0 0.0 0.0 0
# a 0.2 0.2 0.2 1.0 0.3 0.3 0.3 1.0 0.9 0.9 0.9 70.0 0.0 0.0 0.0 0.0 1
# i -190.687 -40.9627 -14.3936 0.121956 0.121956 0.121956 0.0 4.62395 0.0
# a 0.2 0.2 0.2 1.0 0.3 0.3 0.3 1.0 0.9 0.9 0.9 10.0 0.0 0.0 0.0 0.0 0
# a 0.2 0.2 0.2 1.0 0.3 0.3 0.3 1.0 0.9 0.9 0.9 70.0 0.0 0.0 0.0 0.0 1
# i -235.273 -92.8303 -301.327 0.239191 0.239191 0.239191 0.0 1.41399 0.0
# a 0.2 0.2 0.2 1.0 0.3 0.3 0.3 1.0 0.9 0.9 0.9 10.0 0.0 0.0 0.0 0.0 0
# a 0.2 0.2 0.2 1.0 0.3 0.3 0.3 1.0 0.9 0.9 0.9 70.0 0.0 0.0 0.0 0.0 1
# i -212.391 -87.4179 -288.476 0.159109 0.159109 0.159109 0.0 2.57219 0.0
# a 0.2 0.2 0.2 1.0 0.3 0.3 0.3 1.0 0.9 0.9 0.9 10.0 0.0 0.0 0.0 0.0 0
# a 0.2 0.2 0.2 1.0 0.3 0.3 0.3 1.0 0.9 0.9 0.9 70.0 0.0 0.0 0.0 0.0 1
# i -194.687 -83.5089 -278.835 0.143793 0.143793 0.143793 0.0 4.13747 0.0
# a 0.2 0.2 0.2 1.0 0.3 0.3 0.3 1.0 0.9 0.9 0.9 10.0 0.0 0.0 0.0 0.0 0
# a 0.2 0.2 0.2 1.0 0.3 0.3 0.3 1.0 0.9 0.9 0.9 70.0 0.0 0.0 0.0 0.0 1
# i -180.389 -80.7736 -271.841 0.216851 0.216851 0.216851 0.0 2.56663 0.0
# a 0.2 0.2 0.2 1.0 0.3 0.3 0.3 1.0 0.9 0.9 0.9 10.0 0.0 0.0 0.0 0.0 0
# a 0.2 0.2 0.2 1.0 0.3 0.3 0.3 1.0 0.9 0.9 0.9 70.0 0.0 0.0 0.0 0.0 1
# i -168.1 -76.7101 -257.398 0.190619 0.190619 0.190619 0.0 1.73039 0.0
# a 0.2 0.2 0.2 1.0 0.3 0.3 0.3 1.0 0.9 0.9 0.9 10.0 0.0 0.0 0.0 0.0 0
# a 0.2 0.2 0.2 1.0 0.3 0.3 0.3 1.0 0.9 0.9 0.9 70.0 0.0 0.0 0.0 0.0 1
# i -156.946 -72.4217 -242.557 0.191241 0.191241 0.191241 0.0 1.54247 0.0
# a 0.2 0.2 0.2 1.0 0.3 0.3 0.3 1.0 0.9 0.9 0.9 10.0 0.0 0.0 0.0 0.0 0
# a 0.2 0.2 0.2 1.0 0.3 0.3 0.3 1.0 0.9 0.9 0.9 70.0 0.0 0.0 0.0 0.0 1
# i -155.417 -54.5495 -178.264 0.128456 0.128456 0.128456 0.0 5.95722 0.0
# a 0.2 0.2 0.2 1.0 0.3 0.3 0.3 1.0 0.9 0.9 0.9 10.0 0.0 0.0 0.0 0.0 0
# a 0.2 0.2 0.2 1.0 0.3 0.3 0.3 1.0 0.9 0.9 0.9 70.0 0.0 0.0 0.0 0.0 1
# i -152.122 -47.6068 -157.129 0.150774 0.150774 0.150774 0.0 4.89011 0.0
# a 0.2 0.2 0.2 1.0 0.3 0.3 0.3 1.0 0.9 0.9 0.9 10.0 0.0 0.0 0.0 0.0 0
# a 0.2 0.2 0.2 1.0 0.3 0.3 0.3 1.0 0.9 0.9 0.9 70.0 0.0 0.0 0.0 0.0 1
# i -100.945 -98.032 -380.638 0.18102 0.18102 0.18102 0.0 4.99615 0.0
# a 0.2 0.2 0.2 1.0 0.3 0.3 0.3 1.0 0.9 0.9 0.9 10.0 0.0 0.0 0.0 0.0 0
# a 0.2 0.2 0.2 1.0 0.3 0.3 0.3 1.0 0.9 0.9 0.9 70.0 0.0 0.0 0.0 0.0 1
# i -88.2481 -84.9151 -351.596 0.150374 0.150374 0.150374 0.0 3.02396 0.0
# a 0.2 0.2 0.2 1.0 0.3 0.3 0.3 1.0 0.9 0.9 0.9 10.0 0.0 0.0 0.0 0.0 0
# a 0.2 0.2 0.2 1.0 0.3 0.3 0.3 1.0 0.9 0.9 0.9 70.0 0.0 0.0 0.0 0.0 1
# i -83.7743 -81.266 -331.385 0.142226 0.142226 0.142226 0.0 3.53038 0.0
# a 0.2 0.2 0.2 1.0 0.3 0.3 0.3 1.0 0.9 0.9 0.9 10.0 0.0 0.0 0.0 0.0 0
# a 0.2 0.2 0.2 1.0 0.3 0.3 0.3 1.0 0.9 0.9 0.9 70.0 0.0 0.0 0.0 0.0 1
# i -73.2992 -76.8319 -306.07 0.193805 0.193805 0.193805 0.0 2.74093 0.0
# a 0.2 0.2 0.2 1.0 0.3 0.3 0.3 1.0 0.9 0.9 0.9 10.0 0.0 0.0 0.0 0.0 0
# a 0.2 0.2 0.2 1.0 0.3 0.3 0.3 1.0 0.9 0.9 0.9 70.0 0.0 0.0 0.0 0.0 1
# i -65.4642 -74.5685 -287.194 0.171348 0.171348 0.171348 0.0 0.359155 0.0
# a 0.2 0.2 0.2 1.0 0.3 0.3 0.3 1.0 0.9 0.9 0.9 10.0 0.0 0.0 0.0 0.0 0
# a 0.2 0.2 0.2 1.0 0.3 0.3 0.3 1.0 0.9 0.9 0.9 70.0 0.0 0.0 0.0 0.0 1
# i -42.0935 -72.8136 -281.028 0.201213 0.201213 0.201213 0.0 5.74974 0.0
# a 0.2 0.2 0.2 1.0 0.3 0.3 0.3 1.0 0.9 0.9 0.9 10.0 0.0 0.0 0.0 0.0 0
# a 0.2 0.2 0.2 1.0 0.3 0.3 0.3 1.0 0.9 0.9 0.9 70.0 0.0 0.0 0.0 0.0 1
# i -27.6072 -71.5959 -270.846 0.20299 0.20299 0.20299 0.0 5.55684 0.0
# a 0.2 0.2 0.2 1.0 0.3 0.3 0.3 1.0 0.9 0.9 0.9 10.0 0.0 0.0 0.0 0.0 0
# a 0.2 0.2 0.2 1.0 0.3 0.3 0.3 1.0 0.9 0.9 0.9 70.0 0.0 0.0 0.0 0.0 1
# i -1.91232 -69.8774 -257.481 0.229845 0.229845 0.229845 0.0 1.20211 0.0
# a 0.2 0.2 0.2 1.0 0.3 0.3 0.3 1.0 0.9 0.9 0.9 10.0 0.0 0.0 0.0 0.0 0
# a 0.2 0.2 0.2 1.0 0.3 0.3 0.3 1.0 0.9 0.9 0.9 70.0 0.0 0.0 0.0 0.0 1
# i 4.23261 -67.1334 -244.451 0.191717 0.191717 0.191717 0.0 1.43988 0.0
# a 0.2 0.2 0.2 1.0 0.3 0.3 0.3 1.0 0.9 0.9 0.9 10.0 0.0 0.0 0.0 0.0 0
# a 0.2 0.2 0.2 1.0 0.3 0.3 0.3 1.0 0.9 0.9 0.9 70.0 0.0 0.0 0.0 0.0 1
# i 27.923 -67.117 -244.643 0.223066 0.223066 0.223066 0.0 0.795779 0.0
# a 0.2 0.2 0.2 1.0 0.3 0.3 0.3 1.0 0.9 0.9 0.9 10.0 0.0 0.0 0.0 0.0 0
# a 0.2 0.2 0.2 1.0 0.3 0.3 0.3 1.0 0.9 0.9 0.9 70.0 0.0 0.0 0.0 0.0 1
# i 29.3559 -56.859 -206.103 0.183997 0.183997 0.183997 0.0 3.88628 0.0
# a 0.2 0.2 0.2 1.0 0.3 0.3 0.3 1.0 0.9 0.9 0.9 10.0 0.0 0.0 0.0 0.0 0
# a 0.2 0.2 0.2 1.0 0.3 0.3 0.3 1.0 0.9 0.9 0.9 70.0 0.0 0.0 0.0 0.0 1
# i 47.2591 -56.562 -196.451 0.219202 0.219202 0.219202 0.0 0.41438 0.0
# a 0.2 0.2 0.2 1.0 0.3 0.3 0.3 1.0 0.9 0.9 0.9 10.0 0.0 0.0 0.0 0.0 0
# a 0.2 0.2 0.2 1.0 0.3 0.3 0.3 1.0 0.9 0.9 0.9 70.0 0.0 0.0 0.0 0.0 1
# i 51.6632 -50.0265 -166.313 0.129961 0.129961 0.129961 0.0 4.57927 0.0
# a 0.2 0.2 0.2 1.0 0.3 0.3 0.3 1.0 0.9 0.9 0.9 10.0 0.0 0.0 0.0 0.0 0
# a 0.2 0.2 0.2 1.0 0.3 0.3 0.3 1.0 0.9 0.9 0.9 70.0 0.0 0.0 0.0 0.0 1
# i 54.7339 -45.4827 -148.764 0.184067 0.184067 0.184067 0.0 3.96816 0.0
# a 0.2 0.2 0.2 1.0 0.3 0.3 0.3 1.0 0.9 0.9 0.9 10.0 0.0 0.0 0.0 0.0 0
# a 0.2 0.2 0.2 1.0 0.3 0.3 0.3 1.0 0.9 0.9 0.9 70.0 0.0 0.0 0.0 0.0 1
# i 63.2122 -41.003 -129.297 0.163068 0.163068 0.163068 0.0 2.92847 0.0
# a 0.2 0.2 0.2 1.0 0.3 0.3 0.3 1.0 0.9 0.9 0.9 10.0 0.0 0.0 0.0 0.0 0
# a 0.2 0.2 0.2 1.0 0.3 0.3 0.3 1.0 0.9 0.9 0.9 70.0 0.0 0.0 0.0 0.0 1
# i 82.5691 -39.1515 -112.16 0.126394 0.126394 0.126394 0.0 2.31121 0.0
# a 0.2 0.2 0.2 1.0 0.3 0.3 0.3 1.0 0.9 0.9 0.9 10.0 0.0 0.0 0.0 0.0 0
# a 0.2 0.2 0.2 1.0 0.3 0.3 0.3 1.0 0.9 0.9 0.9 70.0 0.0 0.0 0.0 0.0 1
# i 105.665 -36.6664 -93.6172 0.204733 0.204733 0.204733 0.0 1.44372 0.0
# a 0.2 0.2 0.2 1.0 0.3 0.3 0.3 1.0 0.9 0.9 0.9 10.0 0.0 0.0 0.0 0.0 0
# a 0.2 0.2 0.2 1.0 0.3 0.3 0.3 1.0 0.9 0.9 0.9 70.0 0.0 0.0 0.0 0.0 1
# i 122.536 -35.8341 -69.0526 0.22077 0.22077 0.22077 0.0 0.939019 0.0
# a 0.2 0.2 0.2 1.0 0.3 0.3 0.3 1.0 0.9 0.9 0.9 10.0 0.0 0.0 0.0 0.0 0
# a 0.2 0.2 0.2 1.0 0.3 0.3 0.3 1.0 0.9 0.9 0.9 70.0 0.0 0.0 0.0 0.0 1
# i 125.443 -33.3661 -48.7446 0.127577 0.127577 0.127577 0.0 0.878616 0.0
# a 0.2 0.2 0.2 1.0 0.3 0.3 0.3 1.0 0.9 0.9 0.9 10.0 0.0 0.0 0.0 0.0 0
# a 0.2 0.2 0.2 1.0 0.3 0.3 0.3 1.0 0.9 0.9 0.9 70.0 0.0 0.0 0.0 0.0 1
i 88.2619 -107.4992 -308.522 0.197789 0.197789 0.197789 0.0 2.58618 0.0
a 0.2 0.2 0.2 1.0 0.3 0.3 0.3 1.0 0.9 0.9 0.9 10.0 0.0 0.0 0.0 0.0 0
a 0.2 0.2 0.2 1.0 0.3 0.3 0.3 1.0 0.9 0.9 0.9 70.0 0.0 0.0 0.0 0.0 1
i 58.0826 -112.088 -330.891 0.239886 0.239886 0.239886 0.0 6.06 0.0
a 0.2 0.2 0.2 1.0 0.3 0.3 0.3 1.0 0.9 0.9 0.9 10.0 0.0 0.0 0.0 0.0 0
a 0.2 0.2 0.2 1.0 0.3 0.3 0.3 1.0 0.9 0.9 0.9 70.0 0.0 0.0 0.0 0.0 1
i 34.8893 -114.834 -354.666 0.155033 0.155033 0.155033 0.0 3.59059 0.0
a 0.2 0.2 0.2 1.0 0.3 0.3 0.3 1.0 0.9 0.9 0.9 10.0 0.0 0.0 0.0 0.0 0
a 0.2 0.2 0.2 1.0 0.3 0.3 0.3 1.0 0.9 0.9 0.9 70.0 0.0 0.0 0.0 0.0 1
i 7.05719 -115.333 -383.197 0.214606 0.214606 0.214606 0.0 5.1624 0.0
a 0.2 0.2 0.2 1.0 0.3 0.3 0.3 1.0 0.9 0.9 0.9 10.0 0.0 0.0 0.0 0.0 0
a 0.2 0.2 0.2 1.0 0.3 0.3 0.3 1.0 0.9 0.9 0.9 70.0 0.0 0.0 0.0 0.0 1
i -6.57508 -117.032 -407.165 0.21725 0.21725 0.21725 0.0 5.13881 0.0
a 0.2 0.2 0.2 1.0 0.3 0.3 0.3 1.0 0.9 0.9 0.9 10.0 0.0 0.0 0.0 0.0 0
a 0.2 0.2 0.2 1.0 0.3 0.3 0.3 1.0 0.9 0.9 0.9 70.0 0.0 0.0 0.0 0.0 1
i -33.4631 -115.463 -411.965 0.173901 0.173901 0.173901 0.0 4.64888 0.0
a 0.2 0.2 0.2 1.0 0.3 0.3 0.3 1.0 0.9 0.9 0.9 10.0 0.0 0.0 0.0 0.0 0
a 0.2 0.2 0.2 1.0 0.3 0.3 0.3 1.0 0.9 0.9 0.9 70.0 0.0 0.0 0.0 0.0 1
i -62.6869 -109.4373 -397.284 0.14587 0.14587 0.14587 0.0 0.701819 0.0
a 0.2 0.2 0.2 1.0 0.3 0.3 0.3 1.0 0.9 0.9 0.9 10.0 0.0 0.0 0.0 0.0 0
a 0.2 0.2 0.2 1.0 0.3 0.3 0.3 1.0 0.9 0.9 0.9 70.0 0.0 0.0 0.0 0.0 1
i -104.343 -106.0078 -384.302 0.191183 0.191183 0.191183 0.0 0.533076 0.0
a 0.2 0.2 0.2 1.0 0.3 0.3 0.3 1.0 0.9 0.9 0.9 10.0 0.0 0.0 0.0 0.0 0
a 0.2 0.2 0.2 1.0 0.3 0.3 0.3 1.0 0.9 0.9 0.9 70.0 0.0 0.0 0.0 0.0 1

