# Open World Target

m Media/Models/newTarget.fbx

t Media/Textures/targetTex.png

n Media/Textures/BlankNormalMap.png

i 502.0 -159.9 77.5 0.5 0.5 0.5 1.57295 0.0 0.0
a 0.5 0.5 0.5 1.0 0.3 0.3 0.3 1.0 0.9 0.9 0.9 50.0 0.0 0.0 0.0 0.0 0

i 618.2 -82.0 -76.2 0.5 0.5 0.5 1.57295 0.0 0.0
a 0.4 0.4 0.4 1.0 0.3 0.3 0.3 1.0 0.9 0.9 0.9 50.0 0.0 0.0 0.0 0.0 0

i 627.8 -131.1 364.6 0.5 0.5 0.5 0.0 0.0 1.57295
a 0.3 0.3 0.3 1.0 0.3 0.3 0.3 1.0 0.9 0.9 0.9 50.0 0.0 0.0 0.0 0.0 0

# ??? wierd
i -515.5 -158.0 -278.5 0.5 0.5 0.5 -1.57295 0.0 0.0
a 0.2 0.2 0.2 1.0 0.3 0.3 0.3 1.0 0.9 0.9 0.9 50.0 0.0 0.0 0.0 0.0 0


# back row
i 817.0 -120.0 -939.5 0.5 0.5 0.5 1.57295 0.0 0.0
a 0.2 0.2 0.2 1.0 0.3 0.3 0.3 1.0 0.9 0.9 0.9 50.0 0.0 0.0 0.0 0.0 0

i 803.0 -120.0 -939.5 0.5 0.5 0.5 1.57295 0.0 0.0
a 0.2 0.2 0.2 1.0 0.3 0.3 0.3 1.0 0.9 0.9 0.9 50.0 0.0 0.0 0.0 0.0 0

i 789.0 -120.0 -939.5 0.5 0.5 0.5 1.57295 0.0 0.0
a 0.2 0.2 0.2 1.0 0.3 0.3 0.3 1.0 0.9 0.9 0.9 50.0 0.0 0.0 0.0 0.0 0

i 775.0 -120.0 -939.5 0.5 0.5 0.5 1.57295 0.0 0.0
a 0.2 0.2 0.2 1.0 0.3 0.3 0.3 1.0 0.9 0.9 0.9 50.0 0.0 0.0 0.0 0.0 0

i 761.0 -120.0 -939.5 0.5 0.5 0.5 1.57295 0.0 0.0
a 0.2 0.2 0.2 1.0 0.3 0.3 0.3 1.0 0.9 0.9 0.9 50.0 0.0 0.0 0.0 0.0 0

i 747.0 -120.0 -939.5 0.5 0.5 0.5 1.57295 0.0 0.0
a 0.2 0.2 0.2 1.0 0.3 0.3 0.3 1.0 0.9 0.9 0.9 50.0 0.0 0.0 0.0 0.0 0

i 733.0 -120.0 -939.5 0.5 0.5 0.5 1.57295 0.0 0.0
a 0.2 0.2 0.2 1.0 0.3 0.3 0.3 1.0 0.9 0.9 0.9 50.0 0.0 0.0 0.0 0.0 0

i 719.0 -120.0 -939.5 0.5 0.5 0.5 1.57295 0.0 0.0
a 0.2 0.2 0.2 1.0 0.3 0.3 0.3 1.0 0.9 0.9 0.9 50.0 0.0 0.0 0.0 0.0 0

i 705.0 -120.0 -939.5 0.5 0.5 0.5 1.57295 0.0 0.0
a 0.2 0.2 0.2 1.0 0.3 0.3 0.3 1.0 0.9 0.9 0.9 50.0 0.0 0.0 0.0 0.0 0

i 691.0 -120.0 -939.5 0.5 0.5 0.5 1.57295 0.0 0.0
a 0.2 0.2 0.2 1.0 0.3 0.3 0.3 1.0 0.9 0.9 0.9 50.0 0.0 0.0 0.0 0.0 0


#
i 810.0 -108.0 -939.5 0.5 0.5 0.5 1.57295 0.0 0.0
a 0.2 0.2 0.2 1.0 0.3 0.3 0.3 1.0 0.9 0.9 0.9 50.0 0.0 0.0 0.0 0.0 0

i 796.0 -108.0 -939.5 0.5 0.5 0.5 1.57295 0.0 0.0
a 0.2 0.2 0.2 1.0 0.3 0.3 0.3 1.0 0.9 0.9 0.9 50.0 0.0 0.0 0.0 0.0 0

i 782.0 -108.0 -939.5 0.5 0.5 0.5 1.57295 0.0 0.0
a 0.2 0.2 0.2 1.0 0.3 0.3 0.3 1.0 0.9 0.9 0.9 50.0 0.0 0.0 0.0 0.0 0

i 768.0 -108.0 -939.5 0.5 0.5 0.5 1.57295 0.0 0.0
a 0.2 0.2 0.2 1.0 0.3 0.3 0.3 1.0 0.9 0.9 0.9 50.0 0.0 0.0 0.0 0.0 0

i 754.0 -108.0 -939.5 0.5 0.5 0.5 1.57295 0.0 0.0
a 0.2 0.2 0.2 1.0 0.3 0.3 0.3 1.0 0.9 0.9 0.9 50.0 0.0 0.0 0.0 0.0 0

i 740.0 -108.0 -939.5 0.5 0.5 0.5 1.57295 0.0 0.0
a 0.2 0.2 0.2 1.0 0.3 0.3 0.3 1.0 0.9 0.9 0.9 50.0 0.0 0.0 0.0 0.0 0

i 726.0 -108.0 -939.5 0.5 0.5 0.5 1.57295 0.0 0.0
a 0.2 0.2 0.2 1.0 0.3 0.3 0.3 1.0 0.9 0.9 0.9 50.0 0.0 0.0 0.0 0.0 0

i 712.0 -108.0 -939.5 0.5 0.5 0.5 1.57295 0.0 0.0
a 0.2 0.2 0.2 1.0 0.3 0.3 0.3 1.0 0.9 0.9 0.9 50.0 0.0 0.0 0.0 0.0 0

i 698.0 -108.0 -939.5 0.5 0.5 0.5 1.57295 0.0 0.0
a 0.2 0.2 0.2 1.0 0.3 0.3 0.3 1.0 0.9 0.9 0.9 50.0 0.0 0.0 0.0 0.0 0


#
i 803.0 -97.0 -939.5 0.5 0.5 0.5 1.57295 0.0 0.0
a 0.2 0.2 0.2 1.0 0.3 0.3 0.3 1.0 0.9 0.9 0.9 50.0 0.0 0.0 0.0 0.0 0

i 789.0 -97.0 -939.5 0.5 0.5 0.5 1.57295 0.0 0.0
a 0.2 0.2 0.2 1.0 0.3 0.3 0.3 1.0 0.9 0.9 0.9 50.0 0.0 0.0 0.0 0.0 0

i 775.0 -97.0 -939.5 0.5 0.5 0.5 1.57295 0.0 0.0
a 0.2 0.2 0.2 1.0 0.3 0.3 0.3 1.0 0.9 0.9 0.9 50.0 0.0 0.0 0.0 0.0 0

i 761.0 -97.0 -939.5 0.5 0.5 0.5 1.57295 0.0 0.0
a 0.2 0.2 0.2 1.0 0.3 0.3 0.3 1.0 0.9 0.9 0.9 50.0 0.0 0.0 0.0 0.0 0

i 747.0 -97.0 -939.5 0.5 0.5 0.5 1.57295 0.0 0.0
a 0.2 0.2 0.2 1.0 0.3 0.3 0.3 1.0 0.9 0.9 0.9 50.0 0.0 0.0 0.0 0.0 0

i 733.0 -97.0 -939.5 0.5 0.5 0.5 1.57295 0.0 0.0
a 0.2 0.2 0.2 1.0 0.3 0.3 0.3 1.0 0.9 0.9 0.9 50.0 0.0 0.0 0.0 0.0 0

i 719.0 -97.0 -939.5 0.5 0.5 0.5 1.57295 0.0 0.0
a 0.2 0.2 0.2 1.0 0.3 0.3 0.3 1.0 0.9 0.9 0.9 50.0 0.0 0.0 0.0 0.0 0

i 705.0 -97.0 -939.5 0.5 0.5 0.5 1.57295 0.0 0.0
a 0.2 0.2 0.2 1.0 0.3 0.3 0.3 1.0 0.9 0.9 0.9 50.0 0.0 0.0 0.0 0.0 0


#
i 796.0 -86.0 -939.5 0.5 0.5 0.5 1.57295 0.0 0.0
a 0.2 0.2 0.2 1.0 0.3 0.3 0.3 1.0 0.9 0.9 0.9 50.0 0.0 0.0 0.0 0.0 0

i 782.0 -86.0 -939.5 0.5 0.5 0.5 1.57295 0.0 0.0
a 0.2 0.2 0.2 1.0 0.3 0.3 0.3 1.0 0.9 0.9 0.9 50.0 0.0 0.0 0.0 0.0 0

i 768.0 -86.0 -939.5 0.5 0.5 0.5 1.57295 0.0 0.0
a 0.2 0.2 0.2 1.0 0.3 0.3 0.3 1.0 0.9 0.9 0.9 50.0 0.0 0.0 0.0 0.0 0

i 754.0 -86.0 -939.5 0.5 0.5 0.5 1.57295 0.0 0.0
a 0.2 0.2 0.2 1.0 0.3 0.3 0.3 1.0 0.9 0.9 0.9 50.0 0.0 0.0 0.0 0.0 0

i 740.0 -86.0 -939.5 0.5 0.5 0.5 1.57295 0.0 0.0
a 0.2 0.2 0.2 1.0 0.3 0.3 0.3 1.0 0.9 0.9 0.9 50.0 0.0 0.0 0.0 0.0 0

i 726.0 -86.0 -939.5 0.5 0.5 0.5 1.57295 0.0 0.0
a 0.2 0.2 0.2 1.0 0.3 0.3 0.3 1.0 0.9 0.9 0.9 50.0 0.0 0.0 0.0 0.0 0

i 712.0 -86.0 -939.5 0.5 0.5 0.5 1.57295 0.0 0.0
a 0.2 0.2 0.2 1.0 0.3 0.3 0.3 1.0 0.9 0.9 0.9 50.0 0.0 0.0 0.0 0.0 0


#
i 789.0 -75.0 -939.5 0.5 0.5 0.5 1.57295 0.0 0.0
a 0.2 0.2 0.2 1.0 0.3 0.3 0.3 1.0 0.9 0.9 0.9 50.0 0.0 0.0 0.0 0.0 0

i 775.0 -75.0 -939.5 0.5 0.5 0.5 1.57295 0.0 0.0
a 0.2 0.2 0.2 1.0 0.3 0.3 0.3 1.0 0.9 0.9 0.9 50.0 0.0 0.0 0.0 0.0 0

i 761.0 -75.0 -939.5 0.5 0.5 0.5 1.57295 0.0 0.0
a 0.2 0.2 0.2 1.0 0.3 0.3 0.3 1.0 0.9 0.9 0.9 50.0 0.0 0.0 0.0 0.0 0

i 747.0 -75.0 -939.5 0.5 0.5 0.5 1.57295 0.0 0.0
a 0.2 0.2 0.2 1.0 0.3 0.3 0.3 1.0 0.9 0.9 0.9 50.0 0.0 0.0 0.0 0.0 0

i 733.0 -75.0 -939.5 0.5 0.5 0.5 1.57295 0.0 0.0
a 0.2 0.2 0.2 1.0 0.3 0.3 0.3 1.0 0.9 0.9 0.9 50.0 0.0 0.0 0.0 0.0 0

i 719.0 -75.0 -939.5 0.5 0.5 0.5 1.57295 0.0 0.0
a 0.2 0.2 0.2 1.0 0.3 0.3 0.3 1.0 0.9 0.9 0.9 50.0 0.0 0.0 0.0 0.0 0


#
i 782.0 -64.0 -939.5 0.5 0.5 0.5 1.57295 0.0 0.0
a 0.2 0.2 0.2 1.0 0.3 0.3 0.3 1.0 0.9 0.9 0.9 50.0 0.0 0.0 0.0 0.0 0

i 768.0 -64.0 -939.5 0.5 0.5 0.5 1.57295 0.0 0.0
a 0.2 0.2 0.2 1.0 0.3 0.3 0.3 1.0 0.9 0.9 0.9 50.0 0.0 0.0 0.0 0.0 0

i 754.0 -64.0 -939.5 0.5 0.5 0.5 1.57295 0.0 0.0
a 0.2 0.2 0.2 1.0 0.3 0.3 0.3 1.0 0.9 0.9 0.9 50.0 0.0 0.0 0.0 0.0 0

i 740.0 -64.0 -939.5 0.5 0.5 0.5 1.57295 0.0 0.0
a 0.2 0.2 0.2 1.0 0.3 0.3 0.3 1.0 0.9 0.9 0.9 50.0 0.0 0.0 0.0 0.0 0

i 726.0 -64.0 -939.5 0.5 0.5 0.5 1.57295 0.0 0.0
a 0.2 0.2 0.2 1.0 0.3 0.3 0.3 1.0 0.9 0.9 0.9 50.0 0.0 0.0 0.0 0.0 0


#
i 775.0 -53.0 -939.5 0.5 0.5 0.5 1.57295 0.0 0.0
a 0.2 0.2 0.2 1.0 0.3 0.3 0.3 1.0 0.9 0.9 0.9 50.0 0.0 0.0 0.0 0.0 0

i 761.0 -53.0 -939.5 0.5 0.5 0.5 1.57295 0.0 0.0
a 0.2 0.2 0.2 1.0 0.3 0.3 0.3 1.0 0.9 0.9 0.9 50.0 0.0 0.0 0.0 0.0 0

i 747.0 -53.0 -939.5 0.5 0.5 0.5 1.57295 0.0 0.0
a 0.2 0.2 0.2 1.0 0.3 0.3 0.3 1.0 0.9 0.9 0.9 50.0 0.0 0.0 0.0 0.0 0

i 733.0 -53.0 -939.5 0.5 0.5 0.5 1.57295 0.0 0.0
a 0.2 0.2 0.2 1.0 0.3 0.3 0.3 1.0 0.9 0.9 0.9 50.0 0.0 0.0 0.0 0.0 0


#
i 768.0 -42.0 -939.5 0.5 0.5 0.5 1.57295 0.0 0.0
a 0.2 0.2 0.2 1.0 0.3 0.3 0.3 1.0 0.9 0.9 0.9 50.0 0.0 0.0 0.0 0.0 0

i 754.0 -42.0 -939.5 0.5 0.5 0.5 1.57295 0.0 0.0
a 0.2 0.2 0.2 1.0 0.3 0.3 0.3 1.0 0.9 0.9 0.9 50.0 0.0 0.0 0.0 0.0 0

i 740.0 -42.0 -939.5 0.5 0.5 0.5 1.57295 0.0 0.0
a 0.2 0.2 0.2 1.0 0.3 0.3 0.3 1.0 0.9 0.9 0.9 50.0 0.0 0.0 0.0 0.0 0


#
i 761.0 -31.0 -939.5 0.5 0.5 0.5 1.57295 0.0 0.0
a 0.2 0.2 0.2 1.0 0.3 0.3 0.3 1.0 0.9 0.9 0.9 50.0 0.0 0.0 0.0 0.0 0

i 747.0 -31.0 -939.5 0.5 0.5 0.5 1.57295 0.0 0.0
a 0.2 0.2 0.2 1.0 0.3 0.3 0.3 1.0 0.9 0.9 0.9 50.0 0.0 0.0 0.0 0.0 0


#
i 754.0 -20.0 -939.5 0.5 0.5 0.5 1.57295 0.0 0.0
a 0.2 0.2 0.2 1.0 0.3 0.3 0.3 1.0 0.9 0.9 0.9 50.0 0.0 0.0 0.0 0.0 0






i 399.9 -115.0 -459.2 0.5 0.5 0.5 1.57295 0.0 0.0
a 0.2 0.2 0.2 1.0 0.3 0.3 0.3 1.0 0.9 0.9 0.9 50.0 0.0 0.0 0.0 0.0 0

i 68.9 -31.5 -826.8 0.5 0.5 0.5 1.57295 0.0 0.0
a 0.2 0.2 0.2 1.0 0.3 0.3 0.3 1.0 0.9 0.9 0.9 50.0 0.0 0.0 0.0 0.0 0

i -177.7 -40.0 -142.4 0.5 0.5 0.5 -1.57295 0.0 0.0
a 0.2 0.2 0.2 1.0 0.3 0.3 0.3 1.0 0.9 0.9 0.9 50.0 0.0 0.0 0.0 0.0 0

i -110.3 -12.0 13.8 0.5 0.5 0.5 -1.57295 0.0 0.0
a 0.2 0.2 0.2 1.0 0.3 0.3 0.3 1.0 0.9 0.9 0.9 50.0 0.0 0.0 0.0 0.0 0

i 21.7 -1.0 130.8 0.5 0.5 0.5 -1.57295 0.0 0.0
a 0.2 0.2 0.2 1.0 0.3 0.3 0.3 1.0 0.9 0.9 0.9 50.0 0.0 0.0 0.0 0.0 0

i -21.4 40.0 240.6 0.5 0.5 0.5 -1.57295 0.0 0.0
a 0.2 0.2 0.2 1.0 0.3 0.3 0.3 1.0 0.9 0.9 0.9 50.0 0.0 0.0 0.0 0.0 0

i -376.3 -250.0 1821.9 20.5 20.5 20.5 -1.57295 0.0 0.0
a 0.2 0.2 0.2 1.0 0.3 0.3 0.3 1.0 0.9 0.9 0.9 50.0 0.0 0.0 0.0 0.0 0

i -489.6 -158.0 -273.6 0.5 0.5 0.5 -1.57295 0.0 0.0
a 0.2 0.2 0.2 1.0 0.3 0.3 0.3 1.0 0.9 0.9 0.9 50.0 0.0 0.0 0.0 0.0 0

i -496.0 -159.0 -293.8 0.5 0.5 0.5 -1.57295 0.0 0.0
a 0.2 0.2 0.2 1.0 0.3 0.3 0.3 1.0 0.9 0.9 0.9 50.0 0.0 0.0 0.0 0.0 0
