# Open World Archway

m Media/Models/archway.fbx

t Media/Textures/PRP_Ornatearch_A_DM.png

n Media/Textures/PRP_Ornatearch_A_NM.png

i 400.8 -171.55 -40.4 0.2 0.2 0.2 0.0 0.3 0.0
a 0.2 0.2 0.2 1.0 0.3 0.3 0.3 1.0 0.5 0.5 0.5 5.0 0.0 0.0 0.0 0.0 0

i 254.0 -137.3 -377.7 0.5 0.5 0.5 0.0 0.7854 0.0
a 0.2 0.2 0.2 1.0 0.3 0.3 0.3 1.0 0.5 0.5 0.5 5.0 0.0 0.0 0.0 0.0 0

i -170.7 -103.8 -330.1 0.2 0.2 0.2 0.0 0.7854 0.0
a 0.2 0.2 0.2 1.0 0.3 0.3 0.3 1.0 0.5 0.5 0.5 5.0 0.0 0.0 0.0 0.0 0

i -54.8 -70.5 -203.8 0.2 0.2 0.2 0.0 0.7854 0.0
a 0.2 0.2 0.2 1.0 0.3 0.3 0.3 1.0 0.5 0.5 0.5 5.0 0.0 0.0 0.0 0.0 0

i -13.2 -23.1 0.5 0.2 0.2 0.2 0.0 0.2 0.0
a 0.2 0.2 0.2 1.0 0.3 0.3 0.3 1.0 0.5 0.5 0.5 5.0 0.0 0.0 0.0 0.0 0

i 26.48 20.6 291.3 0.15 0.15 0.15 0.0 0.2 0.0
a 0.2 0.2 0.2 1.0 0.3 0.3 0.3 1.0 0.5 0.5 0.5 5.0 0.0 0.0 0.0 0.0 0

i -373.0 -157.0 -464.0 0.3 0.3 0.3 0.0 1.5795 0.0
a 0.2 0.2 0.2 1.0 0.3 0.3 0.3 1.0 0.5 0.5 0.5 5.0 0.0 0.0 0.0 0.0 0

