# object trees
m Models/tree1.fbx
t Textures/PRP_Log_A_DM.dds
t Textures/PRP_TreeLeaves_A.dds
n Textures/PRP_Log_A_NM.bmp
i 10.0 0.0 50.0 0.09 0.09 0.09 0.0 0.0 0.0
i 0.0 0.0 30.0 0.08 0.08 0.08 0.0 0.0 0.0
i -10.0 0.0 75.0 0.1 0.1 0.1 0.0 0.0 0.0
i 50.0 0.0 10.0 0.13 0.13 0.13 0.0 0.0 0.0
i 70.0 0.0 50.0 0.15 0.15 0.15 0.0 0.0 0.0
i 80.0 0.0 -30.0 0.14 0.14 0.14 0.0 0.0 0.0
i 30.0 0.0 -10.0 0.16 0.16 0.16 0.0 0.0 0.0
i 55.0 0.0 60.0 0.15 0.15 0.15 0.0 0.0 0.0
i 85.0 0.0 40.0 0.145 0.145 0.145 0.0 0.0 0.0
i 20.0 0.0 20.0 0.13 0.13 0.13 0.0 0.0 0.0
i 82.0 0.0 -3.0 0.165 0.165 0.165 0.0 0.0 0.0
i 46.0 0.0 -48.0 0.135 0.135 0.135 0.0 0.0 0.0
i -35.0 0.0 -39.0 0.15 0.15 0.15 0.0 0.0 0.0
i 49.0 0.0 -27.0 0.12 0.12 0.12 0.0 0.0 0.0
i 56.0 0.0 -77.0 0.125 0.125 0.125 0.0 0.0 0.0
i 25.0 0.0 -72.0 0.10 0.10 0.10 0.0 0.0 0.0
i 14.0 0.0 -53.0 0.12 0.12 0.12 0.0 0.0 0.0
i -9.0 0.0 -38.0 0.115 0.115 0.115 0.0 0.0 0.0
i -58.0 0.0 -45.0 0.18 0.18 0.18 0.  0.0 0.0
i -81.0 0.0 -23.0 0.17 0.17 0.17 0.0 0.0 0.0
i -99.0 0.0 -45.0 0.13 0.13 0.13 0.0 0.0 0.0
i 68.0 0.0 -89.0 0.11 0.11 0.11 0.0 0.0 0.0
i 100.0 0.0 -72.0 0.14 0.14 0.14 0.0 0.0 0.0
i 138.0 0.0 -36.0 0.145 0.145 0.145 0.0 0.0 0.0
i 120.0 0.0 4.0 0.13 0.13 0.13 0.0 0.0 0.0
i 79.0 0.0 84.0 0.135 0.135 0.135 0.0 0.0 0.0
i 32.0 0.0 95.0 0.165 0.165 0.165 0.0 0.0 0.0
i -3.0 0.0 104.0 0.17 0.17 0.17 0.0 0.0 0.0
i -28.0 0.0 144.0 0.185 0.185 0.185 0.0 0.0 0.0
