i -46.9437 11.1919 168.848 0.120143 0.120143 0.120143 0.0 5.99864 0.0
a 0.2 0.2 0.2 1.0 0.3 0.3 0.3 1.0 0.9 0.9 0.9 10.0 0.0 0.0 0.0 0.0 0
a 0.2 0.2 0.2 1.0 0.3 0.3 0.3 1.0 0.9 0.9 0.9 70.0 0.0 0.0 0.0 0.0 1
i 14.8412 -18.7547 -49.4211 0.168916 0.168916 0.168916 0.0 2.08743 0.0
a 0.2 0.2 0.2 1.0 0.3 0.3 0.3 1.0 0.9 0.9 0.9 10.0 0.0 0.0 0.0 0.0 0
a 0.2 0.2 0.2 1.0 0.3 0.3 0.3 1.0 0.9 0.9 0.9 70.0 0.0 0.0 0.0 0.0 1
i -3.60351 -22.5612 -91.1917 0.218111 0.218111 0.218111 0.0 3.92635 0.0
a 0.2 0.2 0.2 1.0 0.3 0.3 0.3 1.0 0.9 0.9 0.9 10.0 0.0 0.0 0.0 0.0 0
a 0.2 0.2 0.2 1.0 0.3 0.3 0.3 1.0 0.9 0.9 0.9 70.0 0.0 0.0 0.0 0.0 1
i -4.45843 -20.7273 -80.3447 0.174541 0.174541 0.174541 0.0 0.585425 0.0
a 0.2 0.2 0.2 1.0 0.3 0.3 0.3 1.0 0.9 0.9 0.9 10.0 0.0 0.0 0.0 0.0 0
a 0.2 0.2 0.2 1.0 0.3 0.3 0.3 1.0 0.9 0.9 0.9 70.0 0.0 0.0 0.0 0.0 1
i 0 5.6 0 0.12015 0.12015 0.12015 0.0 3.54112 0.0
a 0.2 0.2 0.2 1.0 0.3 0.3 0.3 1.0 0.9 0.9 0.9 10.0 0.0 0.0 0.0 0.0 0
a 0.2 0.2 0.2 1.0 0.3 0.3 0.3 1.0 0.9 0.9 0.9 70.0 0.0 0.0 0.0 0.0 1
i 0 5.6 0 0.143197 0.143197 0.143197 0.0 5.08148 0.0
a 0.2 0.2 0.2 1.0 0.3 0.3 0.3 1.0 0.9 0.9 0.9 10.0 0.0 0.0 0.0 0.0 0
a 0.2 0.2 0.2 1.0 0.3 0.3 0.3 1.0 0.9 0.9 0.9 70.0 0.0 0.0 0.0 0.0 1
i 0 5.6 0 0.190201 0.190201 0.190201 0.0 3.01514 0.0
a 0.2 0.2 0.2 1.0 0.3 0.3 0.3 1.0 0.9 0.9 0.9 10.0 0.0 0.0 0.0 0.0 0
a 0.2 0.2 0.2 1.0 0.3 0.3 0.3 1.0 0.9 0.9 0.9 70.0 0.0 0.0 0.0 0.0 1
i 0 5.6 0 0.162035 0.162035 0.162035 0.0 5.62951 0.0
a 0.2 0.2 0.2 1.0 0.3 0.3 0.3 1.0 0.9 0.9 0.9 10.0 0.0 0.0 0.0 0.0 0
a 0.2 0.2 0.2 1.0 0.3 0.3 0.3 1.0 0.9 0.9 0.9 70.0 0.0 0.0 0.0 0.0 1
